A=[
        3.0          1.0          0.0         -2.0         -1.0          0.0          0.0         -1.0
        0.0          2.0          1.1          0.0          0.0          0.0          0.0          0.0
        0.0          0.0          1.0          0.0          0.0          1.0          0.0          0.0
        0.0          0.0          0.0          2.8          0.0          0.0         -1.2          0.0
        5.6          0.0          0.0          0.0          1.0          0.0          0.0          1.9
]

b=[
         2.5
         2.1
         4.0
         1.8
        15.0
]

c=[
         1.0
           0
           0
           0
         2.0
           0
           0
        -1.0
]

Eqin=[
  1
 -1
  0
  1
 -1
]

MinMax= -1

BS=[
 LO 0 2.5
 UP 1 4.1
 LO 4 0.5
 UP 4 4.0
 UP 7 4.3
 FX 6 None
]
